-----------------
-----------------
-----------------
21221.000000
1212.000000
122.000000
2323.000000
21212.000000
1212.000000
1212.000000
0.000000
0.000000
0.000000
Admis
-----------------
-----------------
13.000000
17.000000
14.000000
16.000000
19.000000
10.000000
9.000000
11.000000
14.000000
12.000000
Admis
-----------------
123123213
19
Kouek
Cedd
12.000000
16.000000
14.000000
15.000000
17.000000
19.000000
12.000000
10.000000
11.000000
9.000000
Admis
-----------------

23123123
19
Kouek
Yannnn
16.000000
18.000000
19.000000
11.000000
9.000000
12.000000
15.000000
14.000000
13.000000
10.000000
Ajourné
-----------------

-----------------

21323123
18
Kouek
Yaannn
13.000000
16.000000
17.000000
11.000000
12.000000
13.000000
18.000000
15.000000
16.000000
14.000000
Ajourné
-----------------

-----------------

32131231
18
Kouuu
yananan
13.000000
10.000000
18.000000
19.000000
11.000000
10.000000
14.000000
12.000000
13.000000
17.000000
Ajourné
-----------------

-----------------

15423223
19
12
11
17.000000
14.000000
16.000000
19.000000
20.000000
11.000000
13.000000
12.000000
15.000000
12.000000
Ajourné
-----------------

-----------------

12312321
21
18
0
0.000000
34.000000
3.000000
0.000000
12.000000
12.000000
11.000000
11.000000
15.000000
0.000000
Ajourné
-----------------

-----------------

13213112
22
kouek
ceeed
12.000000
14.000000
0.000000
0.000000
0.000000
0.000000
7.000000
2.000000
3.000000
1.000000
Refusé
-----------------

-----------------

212121
17
Tagne
Yann
10.000000
12.000000
13.000000
14.000000
15.000000
16.000000
17.000000
18.000000
19.000000
20.000000
Admis
-----------------

-----------------

121323
20
Nyassi
Dahlin
10.000000
11.000000
12.000000
13.000000
9.000000
14.000000
15.000000
16.000000
17.000000
18.000000
Admis
-----------------

-----------------

213123
19
Koukou
yanced
12.000000
9.000000
13.000000
14.000000
15.000000
16.000000
17.000000
18.000000
19.000000
20.000000
Admis
-----------------

-----------------

123123
18
Doumene
Xavier
12.000000
9.000000
12.000000
10.000000
10.000000
12.000000
15.000000
1.000000
18.000000
19.000000
Admis
-----------------

-----------------

122323
17
katuka
Rollin
12.000000
8.000000
12.000000
11.000000
13.000000
14.000000
15.000000
16.000000
17.000000
18.000000
Admis
-----------------

-----------------

123232
19
juju
Vroumette
14.000000
11.000000
10.000000
12.000000
13.000000
14.000000
17.000000
19.000000
10.000000
9.000000
------
-----------------

-----------------

1233321
29
Kiki
yaya
11.000000
10.000000
9.000000
12.000000
13.000000
16.000000
17.000000
15.000000
13.000000
12.000000
Ajourné
-----------------

-----------------

122132
14
Tete
Kolo
19.000000
10.000000
11.000000
16.000000
17.000000
18.000000
13.000000
19.000000
10.000000
11.000000
Admis
-----------------

-----------------

12321312
28
Ruru
Tata
10.000000
9.000000
6.000000
4.000000
11.000000
10.000000
19.000000
7.000000
3.000000
4.000000
Refusé
-----------------

